              1              5.8704e-13              6.6237e-13                       
              2              3.3852e-13              3.4735e-13                       
              5              1.7753e-13              1.7379e-13                       
             10              1.1455e-13              1.0780e-13                       
             20              7.6266e-14              6.9070e-14                       
             50              4.6354e-14              4.1170e-14                       
            100              3.2541e-14              2.9312e-14                       
            200              2.2943e-14              2.0250e-14                       
            500              1.4578e-14              1.2692e-14                       
           1000              1.0247e-14              8.7252e-15                       
           2000              7.2517e-15              6.1600e-15                       
           3600              5.3690e-15              4.5180e-15                       
           5000              4.5133e-15              3.8050e-15                       
          10000              3.2520e-15              2.6627e-15                       
          20000              2.4008e-15              2.0720e-15                       
          50000              1.8071e-15              1.4998e-15                       
          86400              1.5296e-15              1.2893e-15                       
         100000              1.4566e-15              1.2778e-15                       
         200000              1.2246e-15              1.0985e-15                       
         500000              1.1246e-15              8.6232e-16                       
          1e+06              6.4868e-16              9.0502e-16                       
